% Laser to Camera calibration parameters (II optim stages) 
% 15-Jun-2018 17:42:08
% 
% Transformation matrix specifies laser coordinate frame
% in the reference frame of the camera
% 
%-- Translation vector (t)
t = [ -0.049183 ; -0.142086 ; -0.578486 ]
%-- Rotation matrix (R)
R = ...
[ 0.998454  0.027855  0.048104 ;...
  0.050329  -0.085612  -0.995057 ;...
  -0.023599  0.995939  -0.086882 ]

